148156,0.001892,0.000793,0.994446
148369,0.001892,0.000793,0.994446
148583,0.000671,-0.000427,0.993225
148793,-0.000305,0.000793,0.994446
149007,0.003357,0.001038,0.994690
149221,0.000916,0.002502,0.996155
149434,0.002380,0.002258,0.995911
149645,0.002380,0.002014,0.995667
149855,0.002869,-0.000427,0.993225
150069,0.002380,0.001038,0.994690
150283,0.001404,0.000549,0.994202
150490,0.002625,-0.000183,0.993469
150707,0.001404,0.002502,0.996155
150923,0.001404,0.001038,0.994690
151137,0.001404,0.002502,0.996155
151348,0.002380,0.001526,0.995178
151558,0.003357,0.002747,0.996399
151772,0.002625,0.000793,0.994446
151982,1.069275,0.412903,2.906555
152199,0.075623,-0.229187,0.576965
152413,-0.134583,-0.087585,1.031067
152629,-0.070129,0.000061,1.056213
152843,-0.081360,-0.003601,0.990051
153054,-0.078674,-0.063416,0.992737
153267,-0.013245,-0.139343,1.104309
153481,-0.170959,-0.226257,1.079895
153698,-0.242981,-0.217468,1.026184
153908,-0.329407,-0.246765,0.996887
154128,-0.362366,-0.007996,0.923157
154342,-0.295959,0.070374,1.189026
154555,-0.349182,-0.154480,1.026672
154772,-0.221741,-0.088074,1.030579
154989,-0.182190,-0.074158,0.981995
155205,-0.213928,-0.101257,1.017395
155425,-0.209045,-0.098572,1.020081
155639,-0.213440,-0.101990,1.016663
155855,-0.215149,-0.102478,1.016174
156072,-0.215149,-0.103455,1.015198
156289,-0.215149,-0.104431,1.014221
