148180,-0.000061,0.005249,-1.033020
148394,-0.000061,0.005249,-1.033020
148604,-0.002991,0.002808,-1.035461
148821,0.001160,0.003540,-1.034729
149037,-0.000061,0.004028,-1.034241
149251,0.000183,0.001099,-1.037170
149465,0.000671,0.002075,-1.036194
149675,0.000427,0.005981,-1.032288
149886,-0.001282,0.005249,-1.033020
150100,-0.000793,0.003540,-1.034729
150316,-0.000793,0.001343,-1.036926
150530,-0.001038,0.003052,-1.035217
150746,0.000671,0.005005,-1.033264
150963,-0.000061,0.002808,-1.035461
151180,-0.000549,0.001587,-1.036682
151390,0.002380,0.006958,-0.968811
151607,-0.010071,-0.008911,-0.984680
151821,-0.152405,-0.027222,-1.002991
152037,-0.233948,0.061401,-1.039368
152254,-0.235657,-0.016235,-1.054504
152471,-0.718079,0.005005,0.029236
152678,-0.231750,-0.080200,-2.243469
152895,-0.312073,-0.098511,-1.011780
153109,-0.248840,0.007935,-1.030334
153322,-0.230774,0.005737,-1.032532
153539,-0.231018,0.009888,-1.028381
153753,-0.231995,0.012573,-1.025696
153966,-0.228088,-0.002319,-1.040588
154180,-1.269348,-0.443481,-1.169250
154396,-0.346985,-0.200317,-2.113586
154610,-0.205383,0.055054,-1.045715
154824,-0.212463,0.008423,-1.029846
155046,-0.223450,0.014771,-1.023499
155263,-0.204895,0.015015,-1.023254
155480,-0.213440,0.012817,-1.025452
155693,-0.194641,0.017212,-1.021057
155907,-0.212463,0.012817,-1.025452
156124,-0.192444,0.011841,-1.026428
156344,-0.194153,0.008911,-1.029358
