148149,-14.938354,18.402100,-1.136780
148369,-14.747620,18.333435,-0.289917
148592,1.060486,2.105713,1.472473
148809,0.610352,3.570557,-2.006531
149019,166.175842,-30.715942,7.957458
149236,180.763245,50.346375,26.702881
149459,-15.205383,1.106262,-3.768921
149669,-25.436401,-10.414124,-16.510010
149886,-226.753235,18.974304,-5.531311
150106,-15.525818,8.110046,1.296997
150319,-12.664795,-3.143311,-3.097534
150536,155.479431,-26.382446,-5.950928
150756,-21.469116,3.974915,3.402710
150972,-1.861572,3.479004,-3.257751
151186,-250.000000,-15.869141,-0.411987
151400,-7.263184,12.260437,3.509521
151613,129.455566,51.078796,-37.322998
151836,223.754883,-16.868591,-10.742188
152053,-9.429932,4.920959,4.463196
152266,-13.496399,8.544922,-6.851196
