148152,-0.028015,0.031433,-1.007996
148369,-0.028015,0.031433,-1.007996
148583,-0.015076,0.023376,-1.016052
148799,-0.015076,0.018982,-1.020447
149016,-0.050964,0.005310,-0.971619
149233,-0.414734,0.004089,-1.160339
149449,-0.001648,0.050964,-0.988464
149663,0.044495,0.014587,-1.024841
149880,0.041321,-0.077942,-0.992371
150090,-0.854675,-1.972473,-1.136902
150310,-0.107117,0.012390,-1.027039
150521,-0.029968,0.037537,-1.001892
150731,-0.246033,0.923767,-1.178162
150948,0.046936,0.195007,-1.031921
151162,0.034485,0.000916,-0.976013
151378,-0.078064,-0.890686,-0.930115
151595,-0.007507,0.012634,-1.026794
151809,0.001282,0.011414,-1.028015
152022,-0.021423,-0.016663,-0.993591
152242,0.010559,-0.793518,-1.020447
152459,-0.019714,0.014099,-1.025330
